x1=2; => 2
x2=10.0; => 10.0
x3=x1*x2; => 20
x4=x3/(x2/x1); => 4
x5=0.5; => 0.5
x6=((2^x2)/(x4^4))^x5; => 2
x7=div(x3,x4); => 5
x8=mod(x2,x4); => 2
x9=div(mod(x2,x3),div(x6*4,x8)); => 2
x10=mod(div(x3,x8),mod(1,x4)); => 0
x11=2^(3*4); => 4096
x12=2^(x1^x2); => ∞
x13=2/x1-5; => -4
x14=mod(2/x1-5,x3)^4; => 256
x15=2^-x5+3; => 3.70710678118655
x16=div(10,x15); => 3
x17=x18; => 0
x18=x1+x2*x3-x4^x5/x6+x7-mod(div(mod(x8,x9),x14),mod(x11,x12)); => 206
x19=-(-(-(-(-(-(-(-(-(-(-(-(-(-(-(-(-(-(-(-x2))))))))))))))))))); => 10
x20=2+(3*5); => 17
X20=2*(3+5); => 16
x21=x20+X20; => 33
x22=2.345e-12; => 2.345e-12
====================================================
   Symbols                                          
====================================================

x1 : 2
x2 : 10
x3 : 20
x4 : 4
x5 : 0.5
x6 : 2
x7 : 5
x8 : 2
x9 : 2
x10 : 0
x11 : 4096
x12 : 0
x13 : -4
x14 : 256
x15 : 3.70710678118655
x16 : 3
x18 : 206
x17 : 0
x19 : 10
x20 : 17
X20 : 16
x21 : 33
x22 : 2.345E-12

====================================================
