x1=5.121; => 5.121
x2=13.009; => 13.009
x3=3.664; => 3.664
x4=2.71828; => 2.71828
x5=3.215; => 3.215
x6=x1*x2/x3*x5; => 58.4553414669761
x7=x1+-x2; => -7.888
x8=x1^x2+x4*x3; => 1690426457.44087
x9=43^2*(5+15)/3; => 12326.6666666667
====================================================
   Symbols                                          
====================================================

x1 : 5.121
x2 : 13.009
x3 : 3.664
x4 : 2.71828
x5 : 3.215
x6 : 58.4553414669761
x7 : -7.888
x8 : 1690426457.44087
x9 : 12326.6666666667

====================================================
